[gd_scene load_steps=6 format=3 uid="uid://bslpvbowedeel"]

[ext_resource type="PackedScene" uid="uid://crnhs87x11khv" path="res://assets/models/MANO.fbx" id="1_efll3"]
[ext_resource type="Script" uid="uid://k48i5dkerj25" path="res://scripts/mano.gd" id="2_6h2rq"]
[ext_resource type="Script" uid="uid://fi6dalvamsdp" path="res://gizmeable.gd" id="3_6h2rq"]
[ext_resource type="PackedScene" uid="uid://dqbgerab2hwp4" path="res://scenes/gizmos.tscn" id="3_mb73p"]
[ext_resource type="Script" uid="uid://dtj6witonkt1u" path="res://assets/models/brazoGizmeable.gd" id="3_q0fwf"]

[node name="MANO" node_paths=PackedStringArray("listBones") instance=ExtResource("1_efll3")]
script = ExtResource("2_6h2rq")
listBones = [NodePath("Armature"), NodePath("Armature/Skeleton3D/Palma"), NodePath("Armature/Skeleton3D/Palma/Pulgar1"), NodePath("Armature/Skeleton3D/Palma/Pulgar1/Pulgar2"), NodePath("Armature/Skeleton3D/Palma/Pulgar1/Pulgar2/Pulgar3"), NodePath("Armature/Skeleton3D/Palma/Menique0"), NodePath("Armature/Skeleton3D/Palma/Menique0/Menique1"), NodePath("Armature/Skeleton3D/Palma/Menique0/Menique1/Menique2"), NodePath("Armature/Skeleton3D/Palma/Menique0/Menique1/Menique2/Menique3"), NodePath("Armature/Skeleton3D/Palma/Anular0"), NodePath("Armature/Skeleton3D/Palma/Anular0/Anular1"), NodePath("Armature/Skeleton3D/Palma/Anular0/Anular1/Anular2"), NodePath("Armature/Skeleton3D/Palma/Anular0/Anular1/Anular2/Anular3"), NodePath("Armature/Skeleton3D/Palma/Corazon0"), NodePath("Armature/Skeleton3D/Palma/Corazon0/Corazon1"), NodePath("Armature/Skeleton3D/Palma/Corazon0/Corazon1/Corazon2"), NodePath("Armature/Skeleton3D/Palma/Corazon0/Corazon1/Corazon2/Corazon3"), NodePath("Armature/Skeleton3D/Palma/Indice0"), NodePath("Armature/Skeleton3D/Palma/Indice0/Indice1"), NodePath("Armature/Skeleton3D/Palma/Indice0/Indice1/Indice2"), NodePath("Armature/Skeleton3D/Palma/Indice0/Indice1/Indice2/Indice3")]

[node name="Armature" parent="." index="0"]
script = ExtResource("3_q0fwf")

[node name="gizmos" parent="Armature" index="0" instance=ExtResource("3_mb73p")]
transform = Transform3D(0.05, -6.09064e-13, 1.19212e-08, 1.19177e-08, 0.00122331, -0.049985, -2.91058e-10, 0.049985, 0.00122331, 0, 0, -0.123066)

[node name="Skeleton3D" parent="Armature" index="1"]
bones/1/position = Vector3(-3.33067e-16, 0.124201, 9.31323e-10)
bones/1/rotation = Quaternion(0.0746751, -0.000899471, -0.0178706, 0.997047)
bones/1/scale = Vector3(1, 0.999999, 1)
bones/2/position = Vector3(0.00887169, 0.00501715, 0.0013783)
bones/2/rotation = Quaternion(-0.153978, 0.200767, -0.434456, 0.864425)
bones/2/scale = Vector3(1, 1, 1)
bones/3/position = Vector3(5.12227e-09, 0.0137614, 8.61473e-09)
bones/3/rotation = Quaternion(0.0213093, -0.127524, -0.107608, 0.98575)
bones/3/scale = Vector3(1, 1, 1)
bones/4/position = Vector3(3.1665e-08, 0.00723153, -2.79397e-09)
bones/4/rotation = Quaternion(0.0654175, 0.194984, 0.0495684, 0.977366)
bones/4/scale = Vector3(1, 1, 1)
bones/6/position = Vector3(-0.00578879, 0.00630825, 0.00226969)
bones/6/rotation = Quaternion(-0.0571, -0.0217229, 0.150153, 0.986773)
bones/6/scale = Vector3(1, 1, 1)
bones/7/position = Vector3(-1.42027e-08, 0.0243032, -7.17409e-09)
bones/7/rotation = Quaternion(3.38071e-05, 0.0310605, -0.0586353, 0.997796)
bones/7/scale = Vector3(1, 1, 1)
bones/8/position = Vector3(-6.93835e-08, 0.013292, -2.30139e-08)
bones/8/rotation = Quaternion(-0.00189409, 0.000153843, -0.0471291, 0.998887)
bones/8/scale = Vector3(1, 1, 1)
bones/9/position = Vector3(-1.22003e-07, 0.00880346, -3.91919e-08)
bones/9/rotation = Quaternion(2.56208e-06, -4.26348e-08, -0.0254418, 0.999676)
bones/9/scale = Vector3(1, 1, 1)
bones/11/position = Vector3(-0.00153603, 0.00953885, 0.00211755)
bones/11/rotation = Quaternion(-0.0623889, 0.007287, 0.0885749, 0.994087)
bones/11/scale = Vector3(1, 1, 1)
bones/12/position = Vector3(-1.6531e-08, 0.0226304, -7.567e-09)
bones/12/rotation = Quaternion(0.00167026, -0.0018253, -0.0381099, 0.99927)
bones/12/scale = Vector3(1, 1, 1)
bones/13/position = Vector3(-6.98492e-09, 0.0156433, -2.21044e-08)
bones/13/rotation = Quaternion(-0.00160395, 2.43826e-05, -0.0329524, 0.999456)
bones/13/scale = Vector3(1, 1, 1)
bones/14/position = Vector3(4.65661e-09, 0.0105321, -3.66417e-08)
bones/14/rotation = Quaternion(-3.03771e-07, 2.3083e-08, -2.18477e-07, 1)
bones/14/scale = Vector3(1, 1, 1)
bones/16/position = Vector3(0.00190172, 0.00986417, 0.00214922)
bones/16/rotation = Quaternion(-0.0614876, 0.0254245, -0.0355419, 0.997151)
bones/16/scale = Vector3(1, 1, 1)
bones/17/position = Vector3(-2.44472e-09, 0.0227378, -8.64384e-09)
bones/17/rotation = Quaternion(0.000274361, -0.0273974, 0.0476429, 0.998489)
bones/17/scale = Vector3(1, 1, 1)
bones/18/position = Vector3(2.79397e-09, 0.0157315, -2.23663e-08)
bones/18/rotation = Quaternion(-0.00159718, -4.81826e-05, 0.000801341, 0.999998)
bones/18/scale = Vector3(1, 1, 1)
bones/19/position = Vector3(3.72529e-09, 0.0133249, -3.70201e-08)
bones/19/rotation = Quaternion(-6.64483e-07, -4.82904e-08, 0.003361, 0.999994)
bones/19/scale = Vector3(1, 1, 1)
bones/21/position = Vector3(0.0063295, 0.00841769, 0.00200454)
bones/21/rotation = Quaternion(-0.052503, 0.071268, -0.122365, 0.98853)
bones/21/scale = Vector3(1, 1, 1)
bones/22/position = Vector3(1.86265e-08, 0.023038, -1.00699e-08)
bones/22/rotation = Quaternion(-0.006362, -0.078586, 0.0988075, 0.991978)
bones/22/scale = Vector3(1, 1, 1)
bones/23/position = Vector3(5.58794e-09, 0.0164794, -3.02753e-08)
bones/23/rotation = Quaternion(-0.00153129, -0.000105165, 0.027468, 0.999622)
bones/23/scale = Vector3(1, 1, 1)
bones/24/position = Vector3(-1.86265e-08, 0.0111568, -5.09172e-08)
bones/24/rotation = Quaternion(-1.52313e-06, 1.08343e-07, 0.00958071, 0.999954)
bones/24/scale = Vector3(1, 1, 1)

[node name="Circle" parent="Armature/Skeleton3D" index="0"]
transform = Transform3D(1.035, 0, 0, 0, 1.035, 0, 0, 0, 1.035, 0, 0, 0)

[node name="Palma" type="BoneAttachment3D" parent="Armature/Skeleton3D" index="1"]
transform = Transform3D(0.99936, 0.0355013, -0.00446237, 1.67806e-07, -0.124719, -0.992192, -0.0357807, 0.991556, -0.124639, 5.2395e-15, 0.00303872, 0.00109818)
rotation_edit_mode = 1
bone_name = "Palma_1"
bone_idx = 1
override_pose = true
use_external_skeleton = true
external_skeleton = NodePath("..")
script = ExtResource("3_6h2rq")

[node name="gizmos" parent="Armature/Skeleton3D/Palma" index="0" instance=ExtResource("3_mb73p")]
transform = Transform3D(0.02, -5.77192e-11, 1.48257e-11, 5.77192e-11, 0.02, -2.32831e-10, -1.48257e-11, 2.32831e-10, 0.02, 0, 0, 0)

[node name="Pulgar1" type="BoneAttachment3D" parent="Armature/Skeleton3D/Palma" index="1"]
transform = Transform3D(0.541881, 0.689282, 0.48089, -0.812937, 0.575078, 0.0917555, -0.213304, -0.440654, 0.871967, 0.00887169, 0.00501714, 0.0013783)
rotation_edit_mode = 1
bone_name = "Pulgar_1"
bone_idx = 2
override_pose = true
use_external_skeleton = true
external_skeleton = NodePath("../..")
script = ExtResource("3_6h2rq")

[node name="gizmos" parent="Armature/Skeleton3D/Palma/Pulgar1" index="0" instance=ExtResource("3_mb73p")]
transform = Transform3D(0.015, -1.74623e-10, 3.49246e-10, 1.74623e-10, 0.015, -3.49246e-10, -3.49246e-10, 3.49246e-10, 0.015, 0, 0, 0)

[node name="Pulgar2" type="BoneAttachment3D" parent="Armature/Skeleton3D/Palma/Pulgar1" index="1"]
transform = Transform3D(0.944316, 0.206714, -0.255999, -0.217584, 0.975933, -0.0145654, 0.246827, 0.0694557, 0.966567, 1.16415e-10, 0.0137614, -2.32831e-10)
rotation_edit_mode = 1
bone_name = "Pulgar_2"
bone_idx = 3
override_pose = true
use_external_skeleton = true
external_skeleton = NodePath("../../..")
script = ExtResource("3_6h2rq")

[node name="gizmos" parent="Armature/Skeleton3D/Palma/Pulgar1/Pulgar2" index="0" instance=ExtResource("3_mb73p")]
transform = Transform3D(0.01, -2.37264e-10, -6.32099e-11, -2.17369e-10, 0.01, 2.32831e-10, -2.7967e-11, -2.32831e-10, 0.01, 0, 0, 0)

[node name="Pulgar3" type="BoneAttachment3D" parent="Armature/Skeleton3D/Palma/Pulgar1/Pulgar2" index="1"]
transform = Transform3D(0.919047, -0.0713845, 0.38763, 0.122406, 0.986527, -0.108543, -0.374659, 0.147204, 0.915402, 9.31323e-10, 0.00723151, -4.65661e-10)
rotation_edit_mode = 1
bone_name = "Pulgar_3"
bone_idx = 4
override_pose = true
use_external_skeleton = true
external_skeleton = NodePath("../../../..")
script = ExtResource("3_6h2rq")

[node name="gizmos" parent="Armature/Skeleton3D/Palma/Pulgar1/Pulgar2/Pulgar3" index="0" instance=ExtResource("3_mb73p")]
transform = Transform3D(0.007, 0, 0, 0, 0.007, 0, 0, 0, 0.007, 0, 0, 0)

[node name="Menique0" type="BoneAttachment3D" parent="Armature/Skeleton3D/Palma" index="2"]
transform = Transform3D(0.953965, -0.293852, -0.0600184, 0.298814, 0.948388, 0.106166, 0.0257237, -0.119213, 0.992536, -0.00578879, 0.00630824, 0.00226969)
rotation_edit_mode = 1
bone_name = "Me単ique_0"
bone_idx = 6
override_pose = true
use_external_skeleton = true
external_skeleton = NodePath("../..")
script = ExtResource("3_6h2rq")

[node name="gizmos" parent="Armature/Skeleton3D/Palma/Menique0" index="0" instance=ExtResource("3_mb73p")]
transform = Transform3D(0.015, 4.11044e-10, 1.74623e-10, -4.11044e-10, 0.015, 2.23321e-11, -1.74623e-10, -2.23321e-11, 0.015, 0, 0, 0)

[node name="Menique1" type="BoneAttachment3D" parent="Armature/Skeleton3D/Palma/Menique0" index="1"]
transform = Transform3D(0.991194, 0.117015, 0.06198, -0.117011, 0.993123, -0.00371025, -0.061988, -0.00357475, 0.99807, 0, 0.0243032, -2.03727e-10)
rotation_edit_mode = 1
bone_name = "Me単ique_1"
bone_idx = 7
override_pose = true
use_external_skeleton = true
external_skeleton = NodePath("../../..")
script = ExtResource("3_6h2rq")

[node name="gizmos" parent="Armature/Skeleton3D/Palma/Menique0/Menique1" index="0" instance=ExtResource("3_mb73p")]
transform = Transform3D(0.01, -1.5307e-10, 4.54747e-13, -3.37073e-11, 0.01, 0, -2.27374e-13, -3.63798e-12, 0.01, 0, 0, 0)

[node name="Menique2" type="BoneAttachment3D" parent="Armature/Skeleton3D/Palma/Menique0/Menique1" index="1"]
transform = Transform3D(0.995557, 0.0941548, 0.000485926, -0.0941561, 0.99555, 0.00376894, -0.0001289, -0.00379793, 0.999993, -3.25963e-09, 0.013292, 0)
rotation_edit_mode = 1
bone_name = "Me単ique_2"
bone_idx = 8
override_pose = true
use_external_skeleton = true
external_skeleton = NodePath("../../../..")
script = ExtResource("3_6h2rq")

[node name="gizmos" parent="Armature/Skeleton3D/Palma/Menique0/Menique1/Menique2" index="0" instance=ExtResource("3_mb73p")]
transform = Transform3D(0.006, 2.82774e-13, -5.68434e-14, 5.82673e-11, 0.006, 3.9968e-15, -5.68434e-14, -4.44089e-15, 0.006, 0, 0, 0)

[node name="Menique3" type="BoneAttachment3D" parent="Armature/Skeleton3D/Palma/Menique0/Menique1/Menique2" index="1"]
transform = Transform3D(0.998705, 0.0508702, -6.08052e-08, -0.0508702, 0.998705, -5.83481e-06, -2.34504e-07, 5.82869e-06, 1, 9.31323e-10, 0.00880343, 1.09139e-11)
rotation_edit_mode = 1
bone_name = "Me単ique_3"
bone_idx = 9
override_pose = true
use_external_skeleton = true
external_skeleton = NodePath("../../../../..")
script = ExtResource("3_6h2rq")

[node name="gizmos" parent="Armature/Skeleton3D/Palma/Menique0/Menique1/Menique2/Menique3" index="0" instance=ExtResource("3_mb73p")]
transform = Transform3D(0.006, 1.25689e-13, -1.7053e-13, -1.25884e-13, 0.006, 1.11022e-16, 1.7053e-13, -2.22045e-16, 0.006, 0, 0, 0)

[node name="Anular0" type="BoneAttachment3D" parent="Armature/Skeleton3D/Palma" index="3"]
transform = Transform3D(0.984203, -0.177012, 0.00343554, 0.175193, 0.976524, 0.125331, -0.02554, -0.122749, 0.992109, -0.00153603, 0.00953883, 0.00211755)
rotation_edit_mode = 1
bone_name = "Anular_0"
bone_idx = 11
override_pose = true
use_external_skeleton = true
external_skeleton = NodePath("../..")
script = ExtResource("3_6h2rq")

[node name="gizmos" parent="Armature/Skeleton3D/Palma/Anular0" index="0" instance=ExtResource("3_mb73p")]
transform = Transform3D(0.015, -1.57182e-10, 8.87893e-21, 1.57182e-10, 0.015, 1.16573e-14, -9.00109e-21, -1.16573e-14, 0.015, 0, 0, 0)

[node name="Anular1" type="BoneAttachment3D" parent="Armature/Skeleton3D/Palma/Anular0" index="1"]
transform = Transform3D(0.997088, 0.0761583, -0.00377529, -0.0761704, 0.99709, -0.0031993, 0.00352065, 0.00347756, 0.999988, -6.98492e-10, 0.0226304, 6.1118e-10)
rotation_edit_mode = 1
bone_name = "Anular_1"
bone_idx = 12
override_pose = true
use_external_skeleton = true
external_skeleton = NodePath("../../..")
script = ExtResource("3_6h2rq")

[node name="gizmos" parent="Armature/Skeleton3D/Palma/Anular0/Anular1" index="0" instance=ExtResource("3_mb73p")]
transform = Transform3D(0.01, -5.42699e-11, 1.42109e-13, 1.22236e-13, 0.01, 0, -5.68434e-14, 0, 0.01, 0, 0, 0)

[node name="Anular2" type="BoneAttachment3D" parent="Armature/Skeleton3D/Palma/Anular0/Anular1" index="1"]
transform = Transform3D(0.997828, 0.0658688, 0.000154387, -0.0658689, 0.997823, 0.00320407, 5.69978e-05, -0.00320728, 0.999995, 1.16415e-09, 0.0156432, 0)
rotation_edit_mode = 1
bone_name = "Anular_2"
bone_idx = 13
override_pose = true
use_external_skeleton = true
external_skeleton = NodePath("../../../..")
script = ExtResource("3_6h2rq")

[node name="gizmos" parent="Armature/Skeleton3D/Palma/Anular0/Anular1/Anular2" index="0" instance=ExtResource("3_mb73p")]
transform = Transform3D(0.006, -9.15796e-14, -1.13687e-13, -3.59426e-12, 0.006, -2.22045e-16, 5.68434e-14, -1.33227e-15, 0.006, 0, 0, 0)

[node name="Anular3" type="BoneAttachment3D" parent="Armature/Skeleton3D/Palma/Anular0/Anular1/Anular2" index="1"]
transform = Transform3D(1, -6.69133e-09, -1.45519e-11, 2.20226e-09, 1, -2.79307e-10, 1.45519e-11, 7.90859e-10, 1, -9.31323e-10, 0.010532, 2.91038e-11)
rotation_edit_mode = 1
bone_name = "Anular_3"
bone_idx = 14
override_pose = true
use_external_skeleton = true
external_skeleton = NodePath("../../../../..")
script = ExtResource("3_6h2rq")

[node name="gizmos" parent="Armature/Skeleton3D/Palma/Anular0/Anular1/Anular2/Anular3" index="0" instance=ExtResource("3_mb73p")]
transform = Transform3D(0.006, 1.25701e-13, -1.13687e-13, -1.25957e-13, 0.006, 0, 1.7053e-13, 1.11022e-16, 0.006, 0, 0, 0)

[node name="Corazon0" type="BoneAttachment3D" parent="Armature/Skeleton3D/Palma" index="4"]
transform = Transform3D(0.996181, 0.0677547, 0.0550748, -0.0740079, 0.989912, 0.120818, -0.0463333, -0.124432, 0.991146, 0.00190172, 0.00986415, 0.00214922)
rotation_edit_mode = 1
bone_name = "Corazon_0"
bone_idx = 16
override_pose = true
use_external_skeleton = true
external_skeleton = NodePath("../..")
script = ExtResource("3_6h2rq")

[node name="gizmos" parent="Armature/Skeleton3D/Palma/Corazon0" index="0" instance=ExtResource("3_mb73p")]
transform = Transform3D(0.015, 8.8707e-11, -1.74623e-10, -8.8707e-11, 0.015, -2.13996e-12, 1.74623e-10, 2.13996e-12, 0.015, 0, 0, 0)

[node name="Corazon1" type="BoneAttachment3D" parent="Armature/Skeleton3D/Palma/Corazon0" index="1"]
transform = Transform3D(0.993959, -0.0951568, -0.0546858, 0.0951267, 0.99546, -0.00315885, 0.0547381, -0.00206231, 0.998498, -1.04774e-09, 0.0227378, 8.73115e-11)
rotation_edit_mode = 1
bone_name = "Corazon_1"
bone_idx = 17
override_pose = true
use_external_skeleton = true
external_skeleton = NodePath("../../..")
script = ExtResource("3_6h2rq")

[node name="gizmos" parent="Armature/Skeleton3D/Palma/Corazon0/Corazon1" index="0" instance=ExtResource("3_mb73p")]
transform = Transform3D(0.01, 8.66685e-12, -2.27374e-13, -8.10019e-12, 0.01, -7.27596e-12, 0, 3.63798e-12, 0.01, 0, 0, 0)

[node name="Corazon2" type="BoneAttachment3D" parent="Armature/Skeleton3D/Palma/Corazon0/Corazon1" index="1"]
transform = Transform3D(0.999999, -0.00160245, -9.8908e-05, 0.00160276, 0.999994, 0.0031938, 9.37994e-05, -0.00319396, 0.999995, 4.65661e-10, 0.0157314, -1.45519e-11)
rotation_edit_mode = 1
bone_name = "Corazon_2"
bone_idx = 18
override_pose = true
use_external_skeleton = true
external_skeleton = NodePath("../../../..")
script = ExtResource("3_6h2rq")

[node name="gizmos" parent="Armature/Skeleton3D/Palma/Corazon0/Corazon1/Corazon2" index="0" instance=ExtResource("3_mb73p")]
transform = Transform3D(0.006, -9.15083e-14, -1.7053e-13, -3.59426e-12, 0.006, -5.82867e-16, 1.13687e-13, -1.38778e-15, 0.006, 0, 0, 0)

[node name="Corazon3" type="BoneAttachment3D" parent="Armature/Skeleton3D/Palma/Corazon0/Corazon1/Corazon2" index="1"]
transform = Transform3D(0.999977, -0.00672181, -1.20643e-07, 0.00672181, 0.999977, 7.7001e-07, 1.15462e-07, -7.71406e-07, 1, -4.65661e-10, 0.0133248, -2.91038e-11)
rotation_edit_mode = 1
bone_name = "Corazon_3"
bone_idx = 19
override_pose = true
use_external_skeleton = true
external_skeleton = NodePath("../../../../..")
script = ExtResource("3_6h2rq")

[node name="gizmos" parent="Armature/Skeleton3D/Palma/Corazon0/Corazon1/Corazon2/Corazon3" index="0" instance=ExtResource("3_mb73p")]
transform = Transform3D(0.006, 1.25945e-13, -1.13687e-13, -1.25958e-13, 0.006, 5.55112e-17, 1.13687e-13, -5.55112e-17, 0.006, 0, 0, 0)

[node name="Indice0" type="BoneAttachment3D" parent="Armature/Skeleton3D/Palma" index="5"]
transform = Transform3D(0.959895, 0.23444, 0.15375, -0.249407, 0.96454, 0.0863602, -0.128052, -0.121243, 0.984329, 0.0063295, 0.00841768, 0.00200454)
rotation_edit_mode = 1
bone_name = "Indice_0"
bone_idx = 21
override_pose = true
use_external_skeleton = true
external_skeleton = NodePath("../..")
script = ExtResource("3_6h2rq")

[node name="gizmos" parent="Armature/Skeleton3D/Palma/Indice0" index="0" instance=ExtResource("3_mb73p")]
transform = Transform3D(0.015, 2.24437e-10, 1.74623e-10, -2.24437e-10, 0.015, 2.86171e-11, -1.74623e-10, -2.86171e-11, 0.015, 0, 0, 0)

[node name="Indice1" type="BoneAttachment3D" parent="Armature/Skeleton3D/Palma/Indice0" index="1"]
transform = Transform3D(0.968122, -0.19503, -0.157168, 0.19703, 0.980393, -0.00290838, 0.154654, -0.0281512, 0.987567, 0, 0.023038, -3.49246e-10)
rotation_edit_mode = 1
bone_name = "Indice_1"
bone_idx = 22
override_pose = true
use_external_skeleton = true
external_skeleton = NodePath("../../..")
script = ExtResource("3_6h2rq")

[node name="gizmos" parent="Armature/Skeleton3D/Palma/Indice0/Indice1" index="0" instance=ExtResource("3_mb73p")]
transform = Transform3D(0.01, 0, 0, 0, 0.01, 0, 0, 0, 0.01, 0, 0, 0)

[node name="Indice2" type="BoneAttachment3D" parent="Armature/Skeleton3D/Palma/Indice0/Indice1" index="1"]
transform = Transform3D(0.998491, -0.0549147, -0.0002944, 0.0549153, 0.998486, 0.00305496, 0.000126214, -0.00306652, 0.999995, -3.72529e-09, 0.0164793, 1.96451e-10)
rotation_edit_mode = 1
bone_name = "Indice_2"
bone_idx = 23
override_pose = true
use_external_skeleton = true
external_skeleton = NodePath("../../../..")
script = ExtResource("3_6h2rq")

[node name="gizmos" parent="Armature/Skeleton3D/Palma/Indice0/Indice1/Indice2" index="0" instance=ExtResource("3_mb73p")]
transform = Transform3D(0.006, 1.25936e-13, -1.43016e-13, -1.25936e-13, 0.006, 0, 1.43016e-13, 3.00182e-24, 0.006, 0, 0, 0)

[node name="Indice3" type="BoneAttachment3D" parent="Armature/Skeleton3D/Palma/Indice0/Indice1/Indice2" index="1"]
transform = Transform3D(0.999817, -0.0191594, 8.05012e-08, 0.0191594, 0.999817, 2.18992e-06, -1.22345e-07, -2.18782e-06, 1, 1.86265e-09, 0.0111567, 1.09139e-11)
rotation_edit_mode = 1
bone_name = "indice_3"
bone_idx = 24
override_pose = true
use_external_skeleton = true
external_skeleton = NodePath("../../../../..")
script = ExtResource("3_6h2rq")

[node name="gizmos" parent="Armature/Skeleton3D/Palma/Indice0/Indice1/Indice2/Indice3" index="0" instance=ExtResource("3_mb73p")]
transform = Transform3D(0.005, 0, 0, 0, 0.005, 0, 0, 0, 0.005, 0, 0, 0)
